Cycle: 82506,     Time: 2.000005e+00s,     Time Increment: 2.424115e-05s,     Progress: 100%,     Estimated Clock Time Remaining: -
Cycle: 82506,     Time: 2.000005e+00s,     Time Increment: 2.424115e-05s,     Progress: 100%,     Estimated Clock Time Remaining: -1s
